{
 "cells": [
  {
   "cell_type": "code",
   "execution_count": 1,
   "metadata": {},
   "outputs": [],
   "source": [
    "import pandas as pd\n",
    "import numpy as np\n",
    "import itertools "
   ]
  },
  {
   "cell_type": "code",
   "execution_count": 2,
   "metadata": {},
   "outputs": [],
   "source": [
    "train_in = pd.read_csv(\"train_in.csv\")\n",
    "train_out = pd.read_csv(\"train_out.csv\")\n",
    "train_in = np.array(train_in)\n",
    "train_out = np.array(train_out)"
   ]
  },
  {
   "cell_type": "code",
   "execution_count": 3,
   "metadata": {},
   "outputs": [
    {
     "data": {
      "text/plain": [
       "array([[-1.   , -1.   , -1.   , ..., -0.671, -0.828, -1.   ],\n",
       "       [-1.   , -1.   , -1.   , ..., -1.   , -1.   , -1.   ],\n",
       "       [-1.   , -1.   , -1.   , ..., -1.   , -1.   , -1.   ],\n",
       "       ...,\n",
       "       [-1.   , -1.   , -1.   , ..., -1.   , -1.   , -1.   ],\n",
       "       [-1.   , -1.   , -1.   , ..., -1.   , -1.   , -1.   ],\n",
       "       [-1.   , -1.   , -1.   , ..., -1.   , -1.   , -1.   ]])"
      ]
     },
     "metadata": {},
     "output_type": "display_data"
    },
    {
     "data": {
      "text/plain": [
       "array([[5],\n",
       "       [4],\n",
       "       [7],\n",
       "       ...,\n",
       "       [7],\n",
       "       [9],\n",
       "       [8]], dtype=int64)"
      ]
     },
     "metadata": {},
     "output_type": "display_data"
    },
    {
     "name": "stdout",
     "output_type": "stream",
     "text": [
      "(1706, 256)\n",
      "(1706, 1)\n",
      "(1706,)\n"
     ]
    }
   ],
   "source": [
    "display(train_in)\n",
    "display(train_out)\n",
    "print(np.shape(train_in))\n",
    "print(np.shape(train_out)) \n",
    "train_out = np.squeeze(train_out)\n",
    "print(np.shape(train_out)) "
   ]
  },
  {
   "cell_type": "code",
   "execution_count": 4,
   "metadata": {},
   "outputs": [
    {
     "data": {
      "text/plain": [
       "array([[-1., -1., -1., ..., -1., -1., -1.],\n",
       "       [-1., -1., -1., ..., -1., -1., -1.],\n",
       "       [-1., -1., -1., ..., -1., -1., -1.],\n",
       "       ...,\n",
       "       [-1., -1., -1., ..., -1., -1., -1.],\n",
       "       [-1., -1., -1., ..., -1., -1., -1.],\n",
       "       [-1., -1., -1., ..., -1., -1., -1.]])"
      ]
     },
     "execution_count": 4,
     "metadata": {},
     "output_type": "execute_result"
    }
   ],
   "source": [
    "train_out = np.squeeze(train_out)\n",
    "train_in[np.where(train_out == 0)[0],:]"
   ]
  },
  {
   "cell_type": "code",
   "execution_count": 5,
   "metadata": {},
   "outputs": [],
   "source": [
    "clouds = dict()\n",
    "\n",
    "for x in range(10):\n",
    "    clouds[x] = train_in[np.where(train_out == x)[0],:]\n"
   ]
  },
  {
   "cell_type": "code",
   "execution_count": 6,
   "metadata": {},
   "outputs": [
    {
     "data": {
      "text/plain": [
       "(array([   7,   10,   17,   48,   52,   57,   62,   64,   67,   71,   79,\n",
       "          94,   96,  100,  101,  103,  105,  107,  110,  115,  121,  129,\n",
       "         131,  133,  138,  156,  168,  175,  179,  184,  188,  191,  206,\n",
       "         217,  221,  224,  228,  234,  247,  253,  265,  269,  270,  271,\n",
       "         277,  278,  279,  282,  287,  293,  294,  303,  316,  320,  327,\n",
       "         331,  332,  333,  334,  354,  362,  364,  369,  371,  374,  387,\n",
       "         389,  399,  401,  404,  408,  410,  413,  418,  432,  434,  437,\n",
       "         442,  448,  450,  452,  457,  460,  470,  478,  480,  485,  488,\n",
       "         492,  497,  499,  512,  514,  519,  520,  527,  537,  540,  542,\n",
       "         547,  578,  579,  589,  594,  599,  636,  640,  648,  650,  653,\n",
       "         654,  656,  657,  661,  662,  666,  669,  671,  676,  681,  683,\n",
       "         686,  687,  689,  692,  707,  710,  715,  723,  730,  731,  732,\n",
       "         735,  736,  740,  741,  747,  753,  757,  758,  763,  766,  768,\n",
       "         773,  777,  778,  781,  783,  788,  792,  793,  798,  803,  806,\n",
       "         808,  812,  815,  819,  822,  823,  826,  828,  829,  832,  833,\n",
       "         834,  836,  838,  839,  844,  847,  848,  850,  852,  855,  856,\n",
       "         863,  864,  866,  868,  869,  873,  874,  877,  878,  881,  882,\n",
       "         884,  886,  887,  891,  892,  896,  897,  901,  914,  915,  918,\n",
       "         920,  922,  927,  929,  937,  939,  943,  954,  964,  966,  968,\n",
       "         978,  991,  992,  997, 1001, 1002, 1005, 1009, 1015, 1027, 1030,\n",
       "        1033, 1036, 1037, 1042, 1063, 1064, 1069, 1078, 1098, 1123, 1124,\n",
       "        1125, 1148, 1149, 1152, 1153, 1157, 1158, 1162, 1164, 1167, 1168,\n",
       "        1171, 1176, 1178, 1182, 1187, 1203, 1211, 1217, 1222, 1239, 1244,\n",
       "        1249, 1259, 1268, 1278, 1286, 1291, 1300, 1305, 1310, 1314, 1319,\n",
       "        1321, 1325, 1330, 1342, 1354, 1359, 1377, 1387, 1397, 1401, 1407,\n",
       "        1421, 1437, 1441, 1445, 1449, 1451, 1466, 1471, 1473, 1491, 1496,\n",
       "        1500, 1510, 1522, 1535, 1541, 1544, 1545, 1563, 1567, 1582, 1586,\n",
       "        1596, 1605, 1610, 1617, 1623, 1624, 1629, 1634, 1644, 1648, 1652,\n",
       "        1653, 1657, 1667, 1673, 1676, 1683, 1684, 1690, 1691, 1693, 1697],\n",
       "       dtype=int64),)"
      ]
     },
     "execution_count": 6,
     "metadata": {},
     "output_type": "execute_result"
    }
   ],
   "source": [
    "np.where(train_out == 0)"
   ]
  },
  {
   "cell_type": "code",
   "execution_count": 7,
   "metadata": {},
   "outputs": [],
   "source": [
    "means = dict()\n",
    "for x in range(10):\n",
    "    means[x] =  np.mean(clouds[x], axis=0)"
   ]
  },
  {
   "cell_type": "code",
   "execution_count": 8,
   "metadata": {},
   "outputs": [],
   "source": [
    "\n",
    "distances = []\n",
    "for i in range(10):\n",
    "    for j in range(10):\n",
    "        distances.append(np.linalg.norm(means[i]-means[j]))\n",
    "distances = np.array(distances)\n",
    "distances = np.reshape(distances,(10,10))"
   ]
  },
  {
   "cell_type": "code",
   "execution_count": 9,
   "metadata": {},
   "outputs": [
    {
     "data": {
      "text/plain": [
       "array([[ 0.        , 14.44960797,  9.33455587,  9.14373367, 10.76984444,\n",
       "         7.51929626,  8.16301949, 11.86455505,  9.90790174, 11.48887494],\n",
       "       [14.44960797,  0.        , 10.12532258, 11.7332329 , 10.17378643,\n",
       "        11.11880041, 10.59793273, 10.74315367, 10.08677677,  9.9320937 ],\n",
       "       [ 9.33455587, 10.12532258,  0.        ,  8.17828489,  7.93254148,\n",
       "         7.90679632,  7.31795234,  8.87253107,  7.07751618,  8.88774785],\n",
       "       [ 9.14373367, 11.7332329 ,  8.17828489,  0.        ,  9.0876078 ,\n",
       "         6.11875002,  9.29242591,  8.92240093,  7.02042489,  8.35435012],\n",
       "       [10.76984444, 10.17378643,  7.93254148,  9.0876078 ,  0.        ,\n",
       "         8.00151741,  8.76599667,  7.58301228,  7.38090899,  6.01040793],\n",
       "       [ 7.51929626, 11.11880041,  7.90679632,  6.11875002,  8.00151741,\n",
       "         0.        ,  6.68862915,  9.21195402,  6.96738648,  8.25853807],\n",
       "       [ 8.16301949, 10.59793273,  7.31795234,  9.29242591,  8.76599667,\n",
       "         6.68862915,  0.        , 10.8681573 ,  8.57020763, 10.41974352],\n",
       "       [11.86455505, 10.74315367,  8.87253107,  8.92240093,  7.58301228,\n",
       "         9.21195402, 10.8681573 ,  0.        ,  8.4677853 ,  5.42647412],\n",
       "       [ 9.90790174, 10.08677677,  7.07751618,  7.02042489,  7.38090899,\n",
       "         6.96738648,  8.57020763,  8.4677853 ,  0.        ,  6.40116587],\n",
       "       [11.48887494,  9.9320937 ,  8.88774785,  8.35435012,  6.01040793,\n",
       "         8.25853807, 10.41974352,  5.42647412,  6.40116587,  0.        ]])"
      ]
     },
     "execution_count": 9,
     "metadata": {},
     "output_type": "execute_result"
    }
   ],
   "source": [
    "distances"
   ]
  }
 ],
 "metadata": {
  "kernelspec": {
   "display_name": "Python 3 (ipykernel)",
   "language": "python",
   "name": "python3"
  },
  "language_info": {
   "codemirror_mode": {
    "name": "ipython",
    "version": 3
   },
   "file_extension": ".py",
   "mimetype": "text/x-python",
   "name": "python",
   "nbconvert_exporter": "python",
   "pygments_lexer": "ipython3",
   "version": "3.9.13"
  },
  "vscode": {
   "interpreter": {
    "hash": "16a0f2890d1def7920885bcd7e8b768c0e805614be8083e52d1bdef4cb90280f"
   }
  }
 },
 "nbformat": 4,
 "nbformat_minor": 2
}
